3.127142	-0.002	-0.0057
3.149803	-0.002	-0.0058
3.172627	-0.002	-0.0058
3.195618	-0.002	-0.0059
3.218774	-0.002	-0.0059
3.242099	-0.002	-0.006
3.265593	-0.002	-0.006
3.289256	-0.002	-0.0061
3.313092	-0.002	-0.0061
3.3371	-0.002	-0.0062
3.361282	-0.002	-0.0062
3.385639	-0.002	-0.0063
3.410173	-0.002	-0.0063
3.434884	-0.002	-0.0063
3.459775	-0.002	-0.0064
3.484846	-0.002	-0.0064
3.510098	-0.002	-0.0065
3.535534	-0.002	-0.0065
3.561154	-0.002	-0.0066
3.586959	-0.002	-0.0066
3.612952	-0.002	-0.0067
3.639133	-0.002	-0.0067
3.665504	-0.002	-0.0068
3.692065	-0.002	-0.0068
3.71882	-0.002	-0.0069
3.745768	-0.002	-0.0069
3.772911	-0.002	-0.007
3.800251	-0.002	-0.007
3.827789	-0.002	-0.0071
3.855527	-0.002	-0.0071
3.883466	-0.002	-0.0072
3.911607	-0.002	-0.0072
3.939952	-0.002	-0.0073
3.968503	-0.002	-0.0073
3.99726	-0.002	-0.0074
4.026226	-0.002	-0.0074
4.055401	-0.002	-0.0075
4.084789	-0.002	-0.0075
4.114388	-0.002	-0.0076
4.144203	-0.002	-0.0076
4.174234	-0.002	-0.0077
4.204482	-0.002	-0.0078
4.23495	-0.002	-0.0078
4.265638	-0.002	-0.0079
4.296548	-0.002	-0.0079
4.327683	-0.002	-0.008
4.359043	-0.002	-0.008
4.39063	-0.002	-0.0081
4.422447	-0.002	-0.0082
4.454494	-0.002	-0.0082
4.486773	-0.002	-0.0083
4.519286	-0.002	-0.0083
4.552034	-0.002	-0.0084
4.58502	-0.002	-0.0085
4.618245	-0.002	-0.0085
4.651711	-0.002	-0.0086
4.685419	-0.002	-0.0086
4.719372	-0.002	-0.0087
4.75357	-0.002	-0.0088
4.788016	-0.002	-0.0088
4.822712	-0.002	-0.0089
4.85766	-0.002	-0.009
4.89286	-0.002	-0.009
4.928316	-0.002	-0.0091
4.964029	-0.002	-0.0092
5	-0.002	-0.0092
5.036232	-0.002	-0.0093
5.072727	-0.002	-0.0094
5.109486	-0.002	-0.0094
5.146511	-0.002	-0.0095
5.183805	-0.002	-0.0096
5.221369	-0.002	-0.0096
5.259205	-0.002	-0.0097
5.297316	-0.002	-0.0098
5.335702	-0.002	-0.0098
5.374367	-0.002	-0.0099
5.413311	-0.002	-0.01
5.452538	-0.002	-0.01
5.49205	-0.002	-0.0101
5.531847	-0.002	-0.0102
5.571934	-0.002	-0.0103
5.61231	-0.002	-0.0103
5.652979	-0.002	-0.0104
5.693943	-0.002	-0.0105
5.735204	-0.002	-0.0106
5.776763	-0.002	-0.0106
5.818624	-0.002	-0.0107
5.860788	-0.002	-0.0108
5.903258	-0.002	-0.0109
5.946035	-0.002	-0.0109
5.989123	-0.002	-0.011
6.032523	-0.002	-0.0111
6.076237	-0.002	-0.0112
6.120268	-0.002	-0.0113
6.164618	-0.002	-0.0113
6.209289	-0.002	-0.0114
6.254284	-0.002	-0.0115
6.299605	-0.002	-0.0116
6.345255	-0.002	-0.0117
6.391235	-0.002	-0.0118
6.437549	-0.002	-0.0118
6.484198	-0.002	-0.0119
6.531185	-0.002	-0.012
6.578513	-0.002	-0.0121
6.626183	-0.002	-0.0122
6.674199	-0.002	-0.0123
6.722563	-0.002	-0.0124
6.771278	-0.002	-0.0125
6.820345	-0.002	-0.0126
6.869768	-0.002	-0.0126
6.919549	-0.002	-0.0127
6.969691	-0.002	-0.0128
7.020196	-0.002	-0.0129
7.071068	-0.002	-0.013
7.122308	-0.002	-0.0131
7.173919	-0.002	-0.0132
7.225904	-0.002	-0.0133
7.278266	-0.002	-0.0134
7.331007	-0.002	-0.0135
7.384131	-0.002	-0.0136
7.437639	-0.002	-0.0137
7.491535	-0.002	-0.0138
7.545822	-0.002	-0.0139
7.600502	-0.002	-0.014
7.655579	-0.002	-0.0141
7.711054	-0.002	-0.0142
7.766932	-0.002	-0.0143
7.823214	-0.002	-0.0144
7.879904	-0.002	-0.0145
7.937005	-0.002	-0.0146
7.99452	-0.002	-0.0147
8.052452	-0.002	-0.0148
8.110803	-0.002	-0.0149
8.169578	-0.002	-0.015
8.228777	-0.002	-0.0152
8.288406	-0.002	-0.0153
8.348468	-0.002	-0.0154
8.408964	-0.002	-0.0155
8.469899	-0.002	-0.0156
8.531276	-0.002	-0.0157
8.593097	-0.002	-0.0158
8.655366	-0.002	-0.016
8.718086	-0.002	-0.0161
8.78126	-0.002	-0.0162
8.844893	-0.002	-0.0163
8.908987	-0.002	-0.0164
8.973545	-0.002	-0.0165
9.038571	-0.002	-0.0167
9.104069	-0.002	-0.0168
9.17004	-0.002	-0.0169
9.23649	-0.002	-0.017
9.303422	-0.002	-0.0172
9.370838	-0.002	-0.0173
9.438744	-0.002	-0.0174
9.50714	-0.002	-0.0175
9.576033	-0.002	-0.0177
9.645425	-0.002	-0.0178
9.71532	-0.002	-0.0179
9.785721	-0.002	-0.018
9.856632	-0.002	-0.0182
9.928058	-0.002	-0.0183
10	-0.002	-0.0184
10.072464	-0.002	-0.0186
10.145453	-0.002	-0.0187
10.218971	-0.002	-0.0189
10.293022	-0.002	-0.019
10.36761	-0.002	-0.0191
10.442738	-0.002	-0.0193
10.518411	-0.002	-0.0194
10.594631	-0.002	-0.0195
10.671404	-0.002	-0.0197
10.748734	-0.002	-0.0198
10.826623	-0.002	-0.02
10.905077	-0.002	-0.0201
10.9841	-0.002	-0.0202
11.063695	-0.002	-0.0204
11.143867	-0.002	-0.0205
11.224621	-0.002	-0.0207
11.305959	-0.002	-0.0208
11.387886	-0.002	-0.021
11.470407	-0.002	-0.0211
11.553527	-0.002	-0.0213
11.637249	-0.002	-0.0214
11.721577	-0.002	-0.0216
11.806517	-0.002	-0.0218
11.892071	-0.002	-0.0219
11.978246	-0.002	-0.0221
12.065045	-0.002	-0.0222
12.152473	-0.002	-0.0224
12.240536	-0.002	-0.0226
12.329235	-0.002	-0.0227
12.418578	-0.002	-0.0229
12.508568	-0.002	-0.023
12.599211	-0.002	-0.0232
12.69051	-0.002	-0.0234
12.782471	-0.002	-0.0235
12.875097	-0.002	-0.0237
12.968395	-0.002	-0.0239
13.06237	-0.002	-0.0241
13.157025	-0.002	-0.0242
13.252366	-0.002	-0.0244
13.348398	-0.002	-0.0246
13.445127	-0.002	-0.0248
13.542556	-0.002	-0.0249
13.640691	-0.002	-0.0251
13.739536	-0.002	-0.0253
13.839099	-0.002	-0.0255
13.939383	-0.002	-0.0257
14.040393	-0.002	-0.0259
14.142136	-0.002	-0.0261
14.244616	-0.002	-0.0262
14.347837	-0.002	-0.0264
14.451808	-0.002	-0.0266
14.556532	-0.002	-0.0268
14.662014	-0.002	-0.027
14.768262	-0.002	-0.0272
14.875278	-0.002	-0.0274
14.98307	-0.002	-0.0276
15.091644	-0.002	-0.0278
15.201005	-0.002	-0.028
15.311157	-0.002	-0.0282
15.422109	-0.002	-0.0284
15.533863	-0.002	-0.0286
15.646428	-0.002	-0.0288
15.759809	-0.002	-0.0291
15.87401	-0.002	-0.0293
15.98904	-0.002	-0.0295
16.104904	-0.002	-0.0297
16.221605	-0.002	-0.0299
16.339155	-0.002	-0.0301
16.457554	-0.002	-0.0303
16.576813	-0.002	-0.0306
16.696936	-0.002	-0.0308
16.817928	-0.002	-0.031
16.939798	-0.002	-0.0312
17.062551	-0.002	-0.0315
17.186193	-0.002	-0.0317
17.310732	-0.002	-0.0319
17.436172	-0.002	-0.0321
17.562521	-0.002	-0.0324
17.689787	-0.002	-0.0326
17.817974	-0.002	-0.0328
17.94709	-0.002	-0.0331
18.077143	-0.002	-0.0333
18.208138	-0.002	-0.0336
18.34008	-0.002	-0.0338
18.47298	-0.002	-0.034
18.606844	-0.002	-0.0343
18.741676	-0.002	-0.0345
18.877487	-0.002	-0.0348
19.01428	-0.002	-0.035
19.152065	-0.002	-0.0353
19.29085	-0.002	-0.0355
19.430639	-0.002	-0.0358
19.571442	-0.002	-0.0361
19.713264	-0.002	-0.0363
19.856115	-0.002	-0.0366
20	-0.002	-0.0368
20.144928	-0.002	-0.0371
20.290907	-0.002	-0.0374
20.437943	-0.002	-0.0377
20.586044	-0.002	-0.0379
20.73522	-0.002	-0.0382
20.885475	-0.002	-0.0385
21.036821	-0.002	-0.0388
21.189262	-0.002	-0.0391
21.342808	-0.002	-0.0393
21.497467	-0.002	-0.0396
21.653246	-0.002	-0.0399
21.810154	-0.002	-0.0402
21.968201	-0.002	-0.0405
22.12739	-0.002	-0.0408
22.287735	-0.002	-0.0411
22.449242	-0.002	-0.0414
22.611917	-0.002	-0.0417
22.775772	-0.002	-0.042
22.940815	-0.002	-0.0423
23.107054	-0.002	-0.0426
23.274498	-0.002	-0.0429
23.443153	-0.002	-0.0432
23.613033	-0.002	-0.0435
23.784142	-0.002	-0.0438
23.956491	-0.002	-0.0441
24.130091	-0.002	-0.0445
24.304947	-0.002	-0.0448
24.481071	-0.002	-0.0451
24.65847	-0.002	-0.0454
24.837156	-0.002	-0.0458
25.017136	-0.002	-0.0461
25.198421	-0.002	-0.0464
25.38102	-0.002	-0.0468
25.564941	-0.002	-0.0471
25.750195	-0.002	-0.0475
25.93679	-0.002	-0.0478
26.124741	-0.002	-0.0482
26.314051	-0.002	-0.0485
26.504732	-0.002	-0.0489
26.696796	-0.002	-0.0492
26.890253	-0.002	-0.0496
27.085112	-0.002	-0.0499
27.281382	-0.002	-0.0503
27.479073	-0.002	-0.0507
27.678198	-0.002	-0.051
27.878765	-0.002	-0.0514
28.080786	-0.002	-0.0518
28.284271	-0.002	-0.0521
28.489231	-0.002	-0.0525
28.695675	-0.002	-0.0529
28.903616	-0.002	-0.0533
29.113064	-0.002	-0.0537
29.324028	-0.002	-0.054
29.536524	-0.002	-0.0544
29.750557	-0.002	-0.0548
29.966141	-0.002	-0.0552
30.183289	-0.002	-0.0556
30.40201	-0.002	-0.056
30.622314	-0.002	-0.0564
30.844217	-0.002	-0.0568
31.067726	-0.002	-0.0572
31.292856	-0.002	-0.0577
31.519617	-0.002	-0.0581
31.74802	-0.002	-0.0585
31.978081	-0.002	-0.0589
32.209808	-0.002	-0.0594
32.443211	-0.002	-0.0598
32.67831	-0.002	-0.0602
32.915108	-0.002	-0.0607
33.153625	-0.002	-0.0611
33.393871	-0.002	-0.0616
33.635857	-0.002	-0.062
33.879597	-0.002	-0.0624
34.125103	-0.002	-0.0629
34.372387	-0.002	-0.0633
34.621464	-0.002	-0.0638
34.872345	-0.002	-0.0643
35.125042	-0.002	-0.0647
35.379574	-0.002	-0.0652
35.635948	-0.002	-0.0657
35.89418	-0.002	-0.0661
36.154285	-0.002	-0.0666
36.416275	-0.002	-0.0671
36.680161	-0.002	-0.0676
36.945961	-0.002	-0.0681
37.213688	-0.002	-0.0686
37.483353	-0.002	-0.0691
37.754974	-0.002	-0.0696
38.028561	-0.002	-0.0701
38.304131	-0.002	-0.0706
38.581699	-0.002	-0.0711
38.861279	-0.002	-0.0716
39.142883	-0.002	-0.0722
39.426529	-0.002	-0.0727
39.712231	-0.002	-0.0732
40	-0.002	-0.0737
40.289856	-0.002	-0.0743
40.581814	-0.002	-0.0748
40.875885	-0.002	-0.0753
41.172089	-0.002	-0.0759
41.47044	-0.002	-0.0764
41.77095	-0.002	-0.077
42.073643	-0.002	-0.0775
42.378525	-0.002	-0.0781
42.685616	-0.002	-0.0786
42.994934	-0.002	-0.0792
43.306492	-0.002	-0.0798
43.620308	-0.002	-0.0804
43.936401	-0.002	-0.081
44.25478	-0.002	-0.0815
44.57547	-0.002	-0.0821
44.898483	-0.002	-0.0827
45.223835	-0.002	-0.0833
45.551544	-0.002	-0.0839
45.88163	-0.002	-0.0846
46.214108	-0.002	-0.0852
46.548996	-0.002	-0.0858
46.886307	-0.002	-0.0864
47.226067	-0.002	-0.087
47.568283	-0.002	-0.0876
47.912983	-0.002	-0.0883
48.260181	-0.002	-0.0889
48.609894	-0.002	-0.0896
48.962143	-0.002	-0.0902
49.31694	-0.002	-0.0909
49.674313	-0.002	-0.0915
50.034271	-0.002	-0.0922
50.396843	-0.002	-0.0929
50.762039	-0.002	-0.0936
51.129883	-0.002	-0.0942
51.500389	-0.002	-0.0949
51.873581	-0.002	-0.0956
52.249481	-0.002	-0.0963
52.628101	-0.002	-0.097
53.009464	-0.002	-0.0977
53.393593	-0.002	-0.0984
53.780506	-0.002	-0.0991
54.170223	-0.002	-0.0998
54.562763	-0.002	-0.1005
54.958145	-0.002	-0.1013
55.356396	-0.002	-0.102
55.75753	-0.002	-0.1027
56.161572	-0.002	-0.1035
56.568542	-0.002	-0.1042
56.978462	-0.002	-0.105
57.39135	-0.002	-0.1058
57.807232	-0.002	-0.1065
58.226128	-0.002	-0.1073
58.648056	-0.002	-0.1081
59.073048	-0.002	-0.1088
59.501114	-0.002	-0.1096
59.932281	-0.002	-0.1104
60.366577	-0.002	-0.1112
60.80402	-0.002	-0.112
61.244629	-0.002	-0.1129
61.688435	-0.002	-0.1137
62.135452	-0.002	-0.1145
62.585712	-0.002	-0.1153
63.039234	-0.002	-0.1162
63.49604	-0.002	-0.117
63.956161	-0.002	-0.1179
64.419617	-0.002	-0.1187
64.886421	-0.002	-0.1195
65.356621	-0.002	-0.1204
65.830215	-0.002	-0.1213
66.307251	-0.002	-0.1221
66.787743	-0.002	-0.123
67.271713	-0.002	-0.1239
67.759193	-0.002	-0.1248
68.250206	-0.002	-0.1257
68.744774	-0.002	-0.1267
69.242928	-0.002	-0.1276
69.74469	-0.002	-0.1285
70.250084	-0.002	-0.1294
70.759148	-0.002	-0.1303
71.271896	-0.002	-0.1313
71.788361	-0.002	-0.1322
72.308571	-0.002	-0.1332
72.83255	-0.002	-0.1342
73.360321	-0.002	-0.1352
73.891922	-0.002	-0.1361
74.427376	-0.002	-0.1371
74.966705	-0.002	-0.1381
75.509949	-0.002	-0.1391
76.057121	-0.002	-0.1401
76.608261	-0.002	-0.1411
77.163399	-0.002	-0.1421
77.722557	-0.002	-0.1431
78.285767	-0.002	-0.1442
78.853058	-0.002	-0.1452
79.424461	-0.002	-0.1463
80	-0.002	-0.1474
80.579712	-0.002	-0.1484
81.163628	-0.002	-0.1495
81.75177	-0.002	-0.1506
82.344177	-0.002	-0.1517
82.94088	-0.002	-0.1528
83.541901	-0.002	-0.1539
84.147285	-0.002	-0.155
84.75705	-0.002	-0.1561
85.371231	-0.002	-0.1573
85.989868	-0.002	-0.1584
86.612984	-0.002	-0.1595
87.240616	-0.002	-0.1607
87.872803	-0.002	-0.1618
88.50956	-0.002	-0.163
89.15094	-0.002	-0.1642
89.796967	-0.002	-0.1654
90.44767	-0.002	-0.1666
91.103088	-0.002	-0.1678
91.76326	-0.002	-0.169
92.428215	-0.002	-0.1702
93.097992	-0.002	-0.1715
93.772614	-0.002	-0.1727
94.452133	-0.002	-0.1739
95.136566	-0.002	-0.1752
95.825966	-0.002	-0.1765
96.520363	-0.002	-0.1778
97.219788	-0.002	-0.1791
97.924286	-0.002	-0.1804
98.633881	-0.002	-0.1817
99.348625	-0.002	-0.183
100.068542	-0.002	-0.1843
100.793686	-0.002	-0.1856
101.524078	-0.002	-0.1869
102.259766	-0.002	-0.1883
103.000778	-0.002	-0.1897
103.747162	-0.002	-0.1911
104.498962	-0.002	-0.1924
105.256203	-0.002	-0.1938
106.018929	-0.002	-0.1952
106.787186	-0.002	-0.1966
107.561012	-0.002	-0.1981
108.340446	-0.002	-0.1995
109.125526	-0.002	-0.2009
109.91629	-0.002	-0.2024
110.712791	-0.002	-0.2039
111.51506	-0.002	-0.2053
112.323143	-0.002	-0.2068
113.137085	-0.002	-0.2083
113.956924	-0.002	-0.2098
114.7827	-0.002	-0.2113
115.614464	-0.002	-0.2129
116.452255	-0.002	-0.2144
117.296112	-0.002	-0.2159
118.146095	-0.002	-0.2175
119.002228	-0.002	-0.2191
119.864563	-0.002	-0.2207
120.733154	-0.002	-0.2223
121.60804	-0.002	-0.2239
122.489258	-0.002	-0.2255
123.376869	-0.002	-0.2271
124.270905	-0.002	-0.2287
125.171425	-0.002	-0.2304
126.078468	-0.002	-0.2321
126.992081	-0.002	-0.2338
127.912323	-0.002	-0.2355
128.839233	-0.002	-0.2372
129.772842	-0.002	-0.2389
130.713242	-0.002	-0.2406
131.660431	-0.002	-0.2423
132.614502	-0.002	-0.2441
133.575485	-0.002	-0.2459
134.543427	-0.002	-0.2476
135.518387	-0.002	-0.2494
136.500412	-0.002	-0.2512
137.489548	-0.002	-0.253
138.485855	-0.002	-0.2549
139.48938	-0.002	-0.2567
140.500168	-0.002	-0.2586
141.518295	-0.002	-0.2604
142.543793	-0.002	-0.2623
143.576721	-0.002	-0.2642
144.617142	-0.002	-0.2661
145.6651	-0.002	-0.2681
146.720642	-0.002	-0.27
147.783844	-0.002	-0.2719
148.854752	-0.002	-0.2739
149.933411	-0.002	-0.2759
151.019897	-0.002	-0.2779
152.114243	-0.002	-0.2799
153.216522	-0.002	-0.2819
154.326797	-0.002	-0.2839
155.445114	-0.002	-0.286
156.571533	-0.002	-0.2881
157.706116	-0.002	-0.2901
158.848923	-0.002	-0.2922
160	-0.002	-0.2943
161.159424	-0.002	-0.2965
162.327255	-0.002	-0.2986
163.50354	-0.002	-0.3007
164.688354	-0.002	-0.3029
165.88176	-0.002	-0.3051
167.083801	-0.002	-0.3073
168.294571	-0.002	-0.3095
169.514099	-0.002	-0.3117
170.742462	-0.002	-0.314
171.979736	-0.002	-0.3162
173.225967	-0.002	-0.3185
174.481232	-0.002	-0.3209
175.745605	-0.002	-0.3232
177.019119	-0.002	-0.3255
178.30188	-0.002	-0.3278
179.593933	-0.002	-0.3302
180.89534	-0.002	-0.3326
182.206177	-0.002	-0.335
183.52652	-0.002	-0.3374
184.85643	-0.002	-0.3398
186.195984	-0.002	-0.3423
187.545227	-0.002	-0.3447
188.904266	-0.002	-0.3472
190.273132	-0.002	-0.3497
191.651932	-0.002	-0.3523
193.040726	-0.002	-0.3548
194.439575	-0.002	-0.3573
195.848572	-0.002	-0.3599
197.267761	-0.002	-0.3625
198.69725	-0.002	-0.3651
200.137085	-0.002	-0.3678
201.587372	-0.002	-0.3704
203.048157	-0.002	-0.3731
204.519531	-0.002	-0.3758
206.001556	-0.002	-0.3785
207.494324	-0.002	-0.3812
208.997925	-0.002	-0.3839
210.512405	-0.002	-0.3867
212.037857	-0.002	-0.3895
213.574371	-0.002	-0.3923
215.122025	-0.002	-0.3951
216.680893	-0.002	-0.398
218.251053	-0.002	-0.4008
219.832581	-0.002	-0.4037
221.425583	-0.002	-0.4066
223.030121	-0.002	-0.4095
224.646286	-0.002	-0.4125
226.27417	-0.002	-0.4154
227.913849	-0.002	-0.4184
229.565399	-0.002	-0.4214
231.228928	-0.002	-0.4245
232.90451	-0.002	-0.4275
234.592224	-0.002	-0.4306
236.292191	-0.002	-0.4337
238.004456	-0.002	-0.4368
239.729126	-0.002	-0.44
241.466309	-0.002	-0.4431
243.21608	-0.002	-0.4463
244.978516	-0.002	-0.4495
246.753738	-0.002	-0.4527
248.541809	-0.002	-0.456
250.34285	-0.002	-0.4593
252.156937	-0.002	-0.4625
253.984161	-0.002	-0.4658
255.824646	-0.002	-0.4692
257.678467	-0.002	-0.4725
259.545685	-0.002	-0.4759
261.426483	-0.002	-0.4794
263.320862	-0.002	-0.4828
265.229004	-0.002	-0.4862
267.15097	-0.002	-0.4897
269.086853	-0.002	-0.4933
271.036774	-0.002	-0.4968
273.000824	-0.002	-0.5004
274.979095	-0.002	-0.5039
276.97171	-0.002	-0.5075
278.97876	-0.002	-0.5112
281.000336	-0.002	-0.5148
283.036591	-0.002	-0.5185
285.087585	-0.002	-0.5222
287.153442	-0.002	-0.526
289.234283	-0.002	-0.5297
291.3302	-0.002	-0.5335
293.441284	-0.002	-0.5373
295.567688	-0.002	-0.5412
297.709503	-0.002	-0.545
299.866821	-0.002	-0.5489
302.039795	-0.002	-0.5529
304.228485	-0.002	-0.5568
306.433044	-0.002	-0.5608
308.653595	-0.002	-0.5648
310.890228	-0.002	-0.5688
313.143066	-0.002	-0.5729
315.412231	-0.002	-0.5769
317.697845	-0.002	-0.581
320	-0.002	-0.5852
322.318848	-0.002	-0.5894
324.65451	-0.002	-0.5936
327.00708	-0.002	-0.5978
329.376709	-0.002	-0.602
331.763519	-0.002	-0.6064
334.167603	-0.002	-0.6106
336.589142	-0.002	-0.615
339.028198	-0.002	-0.6194
341.484924	-0.002	-0.6238
343.959473	-0.002	-0.6282
346.451935	-0.002	-0.6327
348.962463	-0.002	-0.6372
351.491211	-0.002	-0.6417
354.038239	-0.002	-0.6463
356.60376	-0.002	-0.6508
359.187866	-0.002	-0.6555
361.79068	-0.002	-0.6601
364.412354	-0.002	-0.6648
367.05304	-0.002	-0.6695
369.71286	-0.002	-0.6742
372.391968	-0.002	-0.679
375.090454	-0.002	-0.6838
377.808533	-0.002	-0.6887
380.546265	-0.002	-0.6935
383.303864	-0.002	-0.6984
386.081451	-0.002	-0.7033
388.87915	-0.002	-0.7083
391.697144	-0.002	-0.7133
394.535522	-0.002	-0.7183
397.394501	-0.002	-0.7234
400.27417	-0.002	-0.7285
403.174744	-0.002	-0.7337
406.096313	-0.002	-0.7388
409.039062	-0.002	-0.744
412.003113	-0.002	-0.7492
414.988647	-0.002	-0.7545
417.99585	-0.002	-0.7598
421.024811	-0.002	-0.7651
424.075714	-0.002	-0.7705
427.148743	-0.002	-0.7759
430.244049	-0.002	-0.7814
433.361786	-0.002	-0.7868
436.502106	-0.002	-0.7924
439.665161	-0.002	-0.7979
442.851166	-0.002	-0.8035
446.060242	-0.002	-0.8091
449.292572	-0.002	-0.8148
452.54834	-0.002	-0.8204
455.827698	-0.002	-0.8261
459.130798	-0.002	-0.8319
462.457855	-0.002	-0.8377
465.809021	-0.002	-0.8435
469.184448	-0.002	-0.8494
472.584381	-0.002	-0.8553
476.008911	-0.002	-0.8612
479.458252	-0.002	-0.8672
482.932617	-0.002	-0.8732
486.432159	-0.002	-0.8792
489.957031	-0.002	-0.8853
493.507477	-0.002	-0.8914
497.083618	-0.002	-0.8976
500.685699	-0.002	-0.9038
504.313873	-0.002	-0.91
507.968323	-0.002	-0.9163
511.649292	-0.002	-0.9226
515.356934	-0.002	-0.9289
519.09137	-0.002	-0.9353
522.852966	-0.002	-0.9417
526.641724	-0.002	-0.9481
530.458008	-0.002	-0.9546
534.301941	-0.002	-0.9611
538.173706	-0.002	-0.9677
542.073547	-0.002	-0.9743
546.001648	-0.002	-0.9809
549.958191	-0.002	-0.9875
553.94342	-0.002	-0.9943
557.95752	-0.002	-1.001
562.000671	-0.002	-1.0077
566.073181	-0.002	-1.0146
570.175171	-0.002	-1.0214
574.306885	-0.002	-1.0282
578.468567	-0.002	-1.0352
582.6604	-0.002	-1.0421
586.882568	-0.002	-1.049
591.135376	-0.002	-1.0561
595.419006	-0.002	-1.0631
599.733643	-0.002	-1.0701
604.07959	-0.002	-1.0772
608.45697	-0.002	-1.0844
612.866089	-0.002	-1.0916
617.30719	-0.002	-1.0987
621.780457	-0.002	-1.1059
626.286133	-0.002	-1.1132
630.824463	-0.002	-1.1205
635.395691	-0.002	-1.1278
640	-0.002	-1.1351
644.637695	-0.002	-1.1425
649.309021	-0.002	-1.1499
654.01416	-0.002	-1.1573
658.753418	-0.002	-1.1647
663.527039	-0.002	-1.1721
668.335205	-0.002	-1.1796
673.178284	-0.002	-1.1871
678.056396	-0.002	-1.1946
682.969849	-0.002	-1.2022
687.918945	-0.002	-1.2097
692.90387	-0.002	-1.2172
697.924927	-0.002	-1.2248
702.982422	-0.002	-1.2323
708.076477	-0.002	-1.2399
713.20752	-0.002	-1.2475
718.375732	-0.002	-1.2551
723.58136	-0.002	-1.2627
728.824707	-0.002	-1.2702
734.106079	-0.002	-1.2778
739.42572	-0.002	-1.2853
744.783936	-0.002	-1.2929
750.180908	-0.002	-1.3004
755.617065	-0.002	-1.3079
761.092529	-0.002	-1.3154
766.607727	-0.002	-1.3228
772.162903	-0.002	-1.3302
777.758301	-0.002	-1.3376
783.394287	-0.002	-1.3448
789.071045	-0.002	-1.3521
794.789001	-0.002	-1.3592
800.54834	-0.002	-1.3663
806.349487	-0.002	-1.3733
812.192627	-0.002	-1.3802
818.078125	-0.002	-1.387
824.006226	-0.002	-1.3936
829.977295	-0.002	-1.4001
835.991699	-0.002	-1.4065
842.049622	-0.002	-1.4127
848.151428	-0.002	-1.4186
854.297485	-0.002	-1.4243
860.488098	-0.002	-1.4298
866.723572	-0.002	-1.435
873.004211	-0.002	-1.4398
879.330322	-0.002	-1.4443
885.702332	-0.002	-1.4483
892.120483	-0.002	-1.4519
898.585144	-0.002	-1.4548
905.09668	-0.002	-1.4572
911.655396	-0.002	-1.4587
918.261597	-0.002	-1.4594
924.91571	-0.002	-1.459
931.618042	-0.002	-1.4574
938.368896	-0.002	-1.4542
945.168762	-0.002	-1.4493
952.017822	-0.002	-1.4421
958.916504	-0.002	-1.432
965.865234	-0.002	-1.4186
972.864319	-0.002	-1.4027
979.914062	-0.002	-1.3789
987.014954	-0.005	-1.3304
994.167236	-0.005	-1.2171
1001.371399	0.012	-1.0884
1008.627747	0.036	-1.0389
1015.936646	0.06	-1.0447
1023.298584	0.082	-1.0913
1030.713867	0.101	-1.1701
1038.182739	0.115	-1.2517
1045.705933	0.129	-1.3263
1053.283447	0.146	-1.4237
1060.916016	0.161	-1.5486
1068.603882	0.174	-1.704
1076.347412	0.184	-1.8907
1084.147095	0.186	-2.089
1092.003296	0.188	-2.2689
1099.916382	0.191	-2.5119
1107.886841	0.183	-2.8512
1115.915039	0.142	-3.2514
1124.001343	0.067	-3.3937
1132.146362	0.007	-3.3215
1140.350342	-0.04	-3.1457
1148.61377	-0.069	-2.893
1156.937134	-0.075	-2.674
1165.320801	-0.077	-2.536
1173.765137	-0.08	-2.412
1182.270752	-0.081	-2.2774
1190.838013	-0.073	-2.1507
1199.467285	-0.061	-2.0719
1208.15918	-0.047	-2.0366
1216.91394	-0.034	-2.0779
1225.732178	-0.036	-2.156
1234.61438	-0.046	-2.1897
1243.560913	-0.061	-2.1866
1252.572266	-0.078	-2.1143
1261.648926	-0.089	-1.9827
1270.791382	-0.095	-1.8289
1280	-0.091	-1.6458
1289.275391	-0.078	-1.4958
1298.618042	-0.063	-1.375
1308.02832	-0.046	-1.2736
1317.506836	-0.028	-1.1933
1327.054077	-0.009	-1.1246
1336.67041	0.01	-1.0556
1346.356567	0.032	-0.992
1356.112793	0.056	-0.9213
1365.939697	0.09	-0.8572
1375.837891	0.129	-0.8688
1385.807739	0.165	-0.9441
1395.849854	0.198	-1.0455
1405.964844	0.23	-1.1715
1416.152954	0.261	-1.3333
1426.415039	0.288	-1.5327
1436.751465	0.31	-1.767
1447.16272	0.327	-2.0241
1457.649414	0.337	-2.2974
1468.212158	0.341	-2.5757
1478.85144	0.34	-2.853
1489.567871	0.332	-3.1346
1500.361816	0.318	-3.4117
1511.234131	0.297	-3.6825
1522.185059	0.267	-3.9327
1533.215454	0.228	-4.1274
1544.325806	0.187	-4.2602
1555.516602	0.144	-4.3458
1566.788574	0.101	-4.3856
1578.14209	0.058	-4.3847
1589.578003	0.014	-4.3406
1601.09668	-0.032	-4.2382
1612.698975	-0.076	-4.051
1624.385254	-0.107	-3.7946
1636.15625	-0.132	-3.5256
1648.012451	-0.145	-3.218
1659.95459	-0.152	-2.9754
1671.983398	-0.175	-2.723
1684.099243	-0.205	-2.1967
1696.302856	-0.169	-1.4085
1708.594971	-0.065	-0.9226
1720.976196	0.037	-0.8759
1733.447144	0.11	-1.0024
1746.008423	0.165	-1.2702
1758.660645	0.167	-1.4554
1771.404663	0.176	-1.2965
1784.240967	0.232	-1.1191
1797.170288	0.308	-1.1323
1810.193359	0.387	-1.3044
1823.310791	0.466	-1.6811
1836.523193	0.503	-2.2708
1849.831421	0.514	-2.7348
1863.236084	0.517	-3.1521
1876.737793	0.512	-3.5297
1890.337524	0.504	-3.9015
1904.035645	0.489	-4.2503
1917.833008	0.467	-4.6076
1931.730469	0.432	-4.9311
1945.728638	0.392	-5.2
1959.828125	0.341	-5.41
1974.029907	0.289	-5.5386
1988.334473	0.235	-5.6242
2002.742798	0.16	-5.5991
2017.255493	0.134	-5.3859
2031.873291	0.048	-5.4675
2046.597168	-0.019	-4.8151
2061.427734	0.009	-4.222
2076.365479	0.005	-3.8628
2091.411865	0.056	-3.8035
2106.566895	0.028	-3.3099
2121.832031	0.091	-3.0555
2137.207764	0.12	-2.6818
2152.694824	0.226	-2.5113
2168.294189	0.266	-2.84
2184.006592	0.27	-2.5226
2199.832764	0.374	-2.4487
2215.773682	0.424	-2.609
2231.830078	0.497	-2.7536
2248.002686	0.515	-2.9474
2264.292725	0.599	-2.8368
2280.700684	0.717	-3.1701
2297.227539	0.793	-3.9698
2313.874268	0.787	-4.6472
2330.641602	0.818	-5.263
2347.530273	0.777	-5.9307
2364.541504	0.768	-5.8888
2381.676025	0.757	-6.5612
2398.93457	0.766	-6.9114
2416.318359	0.754	-7.2961
2433.827881	0.658	-7.8907
2451.464355	0.666	-7.8785
2469.22876	0.619	-8.4488
2487.121826	0.527	-8.6772
2505.144531	0.464	-8.3948
2523.297852	0.455	-8.4207
2541.582764	0.392	-8.1651
2560	0.39	-7.7982
2578.550781	0.485	-7.2706
2597.236084	0.603	-7.7207
2616.056641	0.612	-8.8748
2635.013672	0.538	-8.7074
2654.108154	0.544	-8.7375
2673.34082	0.671	-8.7132
2692.713135	0.727	-9.9576
2712.225586	0.661	-10.9251
2731.879395	0.556	-11.2823
2751.675781	0.55	-11.7376
2771.615479	0.421	-12.2495
2791.699707	0.329	-12.241
2811.929688	0.3	-11.9374
2832.305908	0.387	-12.6622
2852.830078	0.2	-13.327
2873.50293	0.1	-13.5711
2894.325439	0.003	-12.9188
2915.298828	0.045	-13.4179
2936.424316	-0.084	-13.7275
2957.702881	-0.258	-13.9742
2979.135742	-0.396	-13.4625
3000.723633	-0.519	-12.7249
3022.468262	-0.564	-11.6009
3044.370117	-0.555	-10.8244
3066.430908	-0.443	-10.1894
3088.651611	-0.434	-10.4237
3111.033203	-0.406	-9.8482
3133.577148	-0.373	-9.7171
3156.28418	-0.254	-9.4922
3179.156006	-0.215	-9.8232
3202.193359	-0.124	-10.2691
3225.397949	-0.086	-11.1638
3248.770508	-0.188	-11.9566
3272.3125	-0.281	-12.2452
3296.024902	-0.321	-12.0371
3319.90918	-0.314	-12.6987
3343.966797	-0.474	-13.5704
3368.198486	-0.719	-13.1369
3392.605713	-0.807	-12.0298
3417.189941	-0.763	-11.3734
3441.952393	-0.736	-11.4812
3466.894287	-0.798	-11.433
3492.016846	-0.847	-11.35
3517.321289	-0.916	-11.1255
3542.809326	-0.995	-10.8266
3568.481934	-1.042	-9.9631
3594.340576	-1.035	-9.8032
3620.386719	-1.079	-9.194
3646.621582	-1.1	-8.6406
3673.046387	-1.12	-7.7476
3699.662842	-1.038	-7.1041
3726.472168	-0.913	-6.962
3753.475586	-0.935	-6.9434
3780.675049	-0.906	-6.7611
3808.071289	-0.924	-6.0484
3835.666016	-0.823	-5.6593
3863.460938	-0.8	-5.2897
3891.457275	-0.617	-4.677
3919.65625	-0.509	-5.046
3948.059814	-0.354	-5.6263
3976.668945	-0.312	-6.1324
4005.485596	-0.249	-7.5784
4034.510986	-0.345	-7.9574
4063.746582	-0.434	-9.2658
4093.194336	-0.643	-9.2664
4122.855469	-0.831	-8.8692
4152.730957	-0.938	-8.2337
4182.82373	-1.136	-6.7825
4213.133789	-1.101	-4.9777
4243.664062	-1.113	-3.1094
4274.415527	-0.786	-1.1414
4305.389648	-0.431	-0.1489
4336.588379	-0.045	-0.4759
4368.013184	0.295	-1.7655
4399.665527	0.507	-3.8346
4431.547363	0.625	-5.8993
4463.660156	0.585	-8.6463
4496.005371	0.384	-10.4818
4528.585449	0.125	-11.9328
4561.401367	-0.249	-12.492
4594.455078	-0.606	-11.9528
4627.748535	-0.87	-10.4704
4661.283203	-1.027	-8.2718
4695.060547	-0.994	-6.1735
4729.083008	-0.881	-4.294
4763.352051	-0.659	-2.4905
4797.869141	-0.333	-2.1632
4832.636719	-0.052	-2.2143
4867.655762	0.251	-2.9741
4902.928711	0.384	-5.0742
4938.45752	0.465	-6.5412
4974.243652	0.378	-8.8628
5010.289062	0.063	-9.9918
5046.595703	-0.24	-9.7994
5083.165527	-0.519	-8.9997
5120	-0.738	-6.7536
5157.101562	-0.696	-4.6552
5194.472168	-0.624	-2.5154
5232.113281	-0.297	-0.2254
5270.027344	0.091	0.274
5308.216309	0.417	0.3686
5346.681641	0.8	-0.3875
5385.42627	1.076	-2.1448
5424.451172	1.217	-4.0528
5463.758789	1.241	-6.5485
5503.351562	1.074	-7.7863
5543.230957	0.917	-8.1947
5583.399414	0.813	-8.2647
5623.859375	0.689	-7.6818
5664.611816	0.796	-6.5809
5705.660156	0.857	-6.6661
5747.005859	1.007	-6.3486
5788.650879	1.137	-6.4713
5830.597656	1.241	-6.9067
5872.848633	1.366	-7.0189
5915.405762	1.52	-7.3221
5958.271484	1.709	-7.8779
6001.447266	1.908	-9.7025
6044.936523	1.892	-11.3149
6088.740234	1.854	-12.471
6132.861816	1.793	-13.3138
6177.303223	1.759	-13.7868
6222.066406	1.745	-14.2841
6267.154297	1.758	-14.5904
6312.568359	1.777	-15.1484
6358.312012	1.75	-15.5268
6404.386719	1.802	-15.2069
6450.795898	1.943	-15.7277
6497.541016	2.148	-15.9673
6544.625	2.357	-17.6061
6592.049805	2.54	-19.2228
6639.818359	2.779	-22.3751
6687.933594	2.681	-28.3847
6736.396973	1.943	-31.4675
6785.211426	1.189	-31.4731
6834.379883	0.651	-29.9949
6883.904785	0.247	-26.5815
6933.788574	0.419	-23.0723
6984.033691	0.618	-21.296
7034.642578	1.056	-19.5235
7085.618652	1.665	-20.6408
7136.963867	1.883	-24.0976
7188.681152	2.024	-26.8048
7240.773438	1.906	-31.1775
7293.243164	1.363	-33.5163
7346.092773	0.918	-33.3118
7399.325684	0.61	-32.671
7452.944336	0.4	-30.6294
7506.951172	0.67	-29.3682
7561.350098	0.896	-30.7544
7616.142578	0.832	-32.3333
7671.332031	0.857	-34.0821
7726.921875	0.548	-36.0414
7782.914551	0.174	-36.8093
7839.3125	-0.113	-36.4478
7896.119629	-0.439	-35.8462
7953.337891	-0.627	-34.178
8010.971191	-0.653	-32.8628
8069.021973	-0.735	-31.1521
8127.493164	-0.436	-29.6823
8186.388672	-0.178	-30.0237
8245.710938	0.166	-31.2849
8305.461914	0.347	-36.5872
8365.647461	-0.537	-39.625
8426.267578	-1.552	-37.7023
8487.328125	-1.505	-31.4566
8548.831055	-1.255	-29.1307
8610.779297	-0.766	-26.944
8673.176758	-0.151	-27.9926
8736.026367	0.049	-32.7504
8799.331055	-0.237	-35.6616
8863.094727	-0.559	-36.2384
8927.320312	-0.934	-36.275
8992.010742	-1.225	-32.6469
9057.170898	-0.696	-32.1512
9122.802734	-0.421	-33.2779
9188.910156	-0.258	-35.2649
9255.49707	-0.105	-39.1079
9322.566406	-0.913	-43.3334
9390.121094	-1.849	-41.7519
9458.166016	-1.882	-35.9366
9526.704102	-1.574	-34.1579
9595.738281	-1.218	-33.7302
9665.273438	-0.825	-35.2343
9735.311523	-0.83	-40.2782
9805.857422	-1.416	-41.8598
9876.915039	-1.863	-40.0016
9948.487305	-1.888	-38.7351
10020.57813	-1.898	-37.7817
10093.19141	-1.766	-37.4762
10166.33106	-1.633	-38.4136
10240	-1.819	-39.7387
10314.20313	-2.032	-39.6819
10388.94434	-2.1	-38.8331
10464.22656	-2.123	-38.256
10540.05469	-1.961	-37.231
10616.43262	-1.679	-38.0037
10693.36328	-1.547	-40.6695
10770.85254	-1.606	-42.9583
10848.90234	-1.829	-46.6215
10927.51758	-2.466	-47.9945
11006.70313	-3.043	-46.4685
11086.46191	-3.195	-44.9463
11166.79883	-3.344	-43.9389
11247.71875	-3.427	-43.0652
11329.22363	-3.507	-42.4737
11411.32031	-3.6	-41.9458
11494.01172	-3.696	-41.1948
11577.30176	-3.646	-40.0509
11661.19531	-3.514	-40.2884
11745.69727	-3.62	-42.2699
11830.81152	-3.983	-42.2292
11916.54297	-4.2	-39.9902
12002.89453	-4.107	-38.8693
12089.87305	-4.036	-38.8293
12177.48047	-4.078	-38.8042
12265.72363	-4.118	-38.6039
12354.60645	-4.133	-38.4339
12444.13281	-4.148	-38.4481
12534.30859	-4.21	-38.5883
12625.13672	-4.28	-38.5221
12716.62402	-4.338	-38.3599
12808.77344	-4.39	-38.2565
12901.5918	-4.437	-38.1892
12995.08203	-4.48	-38.3141
13089.25	-4.619	-39.1385
13184.09961	-4.93	-38.6589
13279.63672	-5.156	-36.1748
13375.86719	-5.031	-34.3843
13472.79395	-4.904	-33.2332
13570.42285	-4.719	-32.5138
13668.75977	-4.534	-32.2011
13767.80957	-4.291	-32.2759
13867.57715	-4.039	-33.2014
13968.06738	-3.892	-35.0232
14069.28516	-3.787	-37.0942
14171.23731	-3.95	-40.5137
14273.92773	-4.328	-41.983
14377.36231	-4.717	-42.4674
14481.54688	-5.122	-41.7881
14586.48633	-5.354	-38.4518
14692.18555	-5.029	-37.1384
14798.65137	-4.746	-38.6813
14905.88867	-4.94	-39.992
15013.90234	-5.137	-39.3732
15122.7002	-4.718	-38.7204
15232.28516	-4.241	-42.7363
15342.66406	-5.066	-50.4491
15453.84375	-6.314	-49.997
15565.8291	-6.674	-43.2617
15678.625	-6.429	-41.4082
15792.23926	-6.377	-42.4459
15906.67578	-6.576	-42.7035
16021.94238	-6.848	-43.1457
16138.04395	-7.313	-41.9146
16254.98633	-7.641	-36.7112
16372.77734	-6.892	-34.3979
16491.42188	-6.156	-38.8417
16610.92383	-7.265	-44.1958
16731.29492	-8.48	-40.5216
16852.53516	-8.168	-31.4929
16974.65625	-7.457	-29.4843
17097.66211	-7.002	-30.88
17221.55859	-6.695	-32.7407
17346.35352	-6.819	-37.3769
17472.05273	-7.426	-38.2094
17598.66211	-7.812	-35.2619
17726.18945	-7.714	-33.7346
17854.64063	-7.613	-33.1775
17984.02148	-7.486	-33.4311
18114.3418	-7.366	-35.3842
18245.60547	-7.871	-36.9914
18377.82031	-8.388	-35.3228
18510.99414	-8.228	-31.8199
18645.13281	-7.932	-31.4566
18780.24219	-7.751	-32.7865
18916.33203	-7.627	-34.9302
19053.4082	-8.017	-39.8627
19191.47656	-8.901	-40.1344
19330.54688	-9.444	-35.515
19470.62305	-9.352	-33.221
19611.71484	-9.29	-32.7213
19753.83008	-9.351	-32.5639
19896.97461	-9.425	-33.1192
20041.15625	-9.796	-33.296
20186.38281	-10.169	-32.1174
20332.66211	-10.395	-30.1163
20480	-10.599	-28.0218
20628.40625	-10.588	-25.246
20777.88867	-10.49	-23.6878
20928.45313	-10.376	-22.6249
21080.10938	-10.251	-22.2309
21232.86523	-10.222	-22.9447
21386.72656	-10.348	-23.0245
21541.70508	-10.486	-22.8995
21697.80469	-10.666	-22.3375
21855.03516	-10.828	-20.8821
22013.40625	-10.739	-19.8613
22172.92383	-10.65	-19.9659
22333.59766	-10.679	-20.8578
22495.4375	-10.721	-22.4392
22658.44727	-11.242	-25.3127
22822.64063	-11.927	-25.6083
22988.02344	-12.808	-25.0813
23154.60352	-13.828	-20.9435
23322.39063	-14.232	-11.0317
23491.39453	-13.808	-5.6923
23661.62305	-13.471	-3.5161
23833.08594	-13.375	-1.5312
